{
  "scene0000_00": [
    0.945519,
    0.325568,
    0.0,
    -5.38439,
    -0.325568,
    0.945519,
    0.0,
    -2.87178,
    0.0,
    0.0,
    1.0,
    -0.06435,
    0.0,
    0.0,
    0.0,
    1.0
  ],
  "scene0000_01": [
    0.95882,
    0.284015,
    0.0,
    -5.16934,
    -0.284015,
    0.95882,
    0.0,
    -2.98245,
    0.0,
    0.0,
    1.0,
    -0.052345,
    0.0,
    0.0,
    0.0,
    1.0
  ],
  "scene0000_02": [
    -0.398749,
    0.91706,
    0.0,
    -2.50415,
    -0.91706,
    -0.398749,
    0.0,
    5.67627,
    0.0,
    0.0,
    1.0,
    -0.046902,
    0.0,
    0.0,
    0.0,
    1.0
  ],
  "scene0001_00": [
    0.580703,
    0.814116,
    0.0,
    -5.66755,
    -0.814116,
    0.580703,
    0.0,
    1.48678,
    0.0,
    0.0,
    1.0,
    -0.05707,
    0.0,
    0.0,
    0.0,
    1.0
  ],
  "scene0001_01": [
    -0.882948,
    0.469472,
    0.0,
    0.396252,
    -0.469472,
    -0.882948,
    0.0,
    6.05949,
    0.0,
    0.0,
    1.0,
    -0.087321,
    0.0,
    0.0,
    0.0,
    1.0
  ],
  "scene0002_00": [
    0.999657,
    0.026177,
    0.0,
    -2.8414,
    -0.026177,
    0.999657,
    0.0,
    -2.65834,
    0.0,
    0.0,
    1.0,
    -0.539597,
    0.0,
    0.0,
    0.0,
    1.0
  ],
  "scene0002_01": [
    0.522498,
    0.85264,
    0.0,
    -3.94788,
    -0.85264,
    0.522498,
    0.0,
    0.786508,
    0.0,
    0.0,
    1.0,
    -0.733351,
    0.0,
    0.0,
    0.0,
    1.0
  ],
  "scene0003_00": [
    -0.997564,
    0.069757,
    0.0,
    1.60319,
    -0.069757,
    -0.997564,
    0.0,
    1.62961,
    0.0,
    0.0,
    1.0,
    -0.052278,
    0.0,
    0.0,
    0.0,
    1.0
  ],
  "scene0003_01": [
    0.043619,
    0.999048,
    0.0,
    -2.62734,
    -0.999048,
    0.043619,
    0.0,
    4.30462,
    0.0,
    0.0,
    1.0,
    -0.07087,
    0.0,
    0.0,
    0.0,
    1.0
  ],
  "scene0003_02": [
    -0.008727,
    0.999962,
    0.0,
    -1.63426,
    -0.999962,
    -0.008727,
    0.0,
    1.67947,
    0.0,
    0.0,
    1.0,
    -0.076325,
    0.0,
    0.0,
    0.0,
    1.0
  ],
  "scene0004_00": [
    -0.891006,
    0.453991,
    0.0,
    1.27552,
    -0.453991,
    -0.891006,
    0.0,
    6.30358,
    0.0,
    0.0,
    1.0,
    -0.338165,
    0.0,
    0.0,
    0.0,
    1.0
  ],
  "scene0005_00": [
    0.317305,
    0.948324,
    0.0,
    -3.46486,
    -0.948324,
    0.317305,
    0.0,
    1.26827,
    0.0,
    0.0,
    1.0,
    -0.068607,
    0.0,
    0.0,
    0.0,
    1.0
  ],
  "scene0005_01": [
    0.994522,
    0.104528,
    0.0,
    -2.63402,
    -0.104528,
    0.994522,
    0.0,
    -4.63325,
    0.0,
    0.0,
    1.0,
    -0.058952,
    0.0,
    0.0,
    0.0,
    1.0
  ],
  "scene0006_00": [
    -0.99863,
    0.052336,
    0.0,
    2.04265,
    -0.052336,
    -0.99863,
    0.0,
    3.88955,
    0.0,
    0.0,
    1.0,
    -0.077781,
    0.0,
    0.0,
    0.0,
    1.0
  ],
  "scene0006_01": [
    -0.25038,
    0.968148,
    0.0,
    -1.57049,
    -0.968148,
    -0.25038,
    0.0,
    4.27436,
    0.0,
    0.0,
    1.0,
    -0.096316,
    0.0,
    0.0,
    0.0,
    1.0
  ],
  "scene0006_02": [
    -0.207912,
    0.978148,
    0.0,
    -2.95243,
    -0.978148,
    -0.207912,
    0.0,
    4.77065,
    0.0,
    0.0,
    1.0,
    -0.161227,
    0.0,
    0.0,
    0.0,
    1.0
  ],
  "scene0007_00": [
    -0.241922,
    0.970296,
    0.0,
    -0.922999,
    -0.970296,
    -0.241922,
    0.0,
    4.7195,
    0.0,
    0.0,
    1.0,
    -0.068226,
    0.0,
    0.0,
    0.0,
    1.0
  ],
  "scene0008_00": [
    0.333807,
    0.942641,
    0.0,
    -6.62518,
    -0.942641,
    0.333807,
    0.0,
    2.53049,
    0.0,
    0.0,
    1.0,
    -0.142495,
    0.0,
    0.0,
    0.0,
    1.0
  ],
  "scene0009_00": [
    0.902585,
    0.430511,
    0.0,
    -4.29384,
    -0.430511,
    0.902585,
    0.0,
    -2.92343,
    0.0,
    0.0,
    1.0,
    -0.028379,
    0.0,
    0.0,
    0.0,
    1.0
  ],
  "scene0009_01": [
    0.997564,
    0.069757,
    0.0,
    -2.50722,
    -0.069757,
    0.997564,
    0.0,
    -5.35697,
    0.0,
    0.0,
    1.0,
    -0.032304,
    0.0,
    0.0,
    0.0,
    1.0
  ],
  "scene0009_02": [
    0.887011,
    0.461749,
    0.0,
    -4.43988,
    -0.461749,
    0.887011,
    0.0,
    -3.33837,
    0.0,
    0.0,
    1.0,
    -0.025404,
    0.0,
    0.0,
    0.0,
    1.0
  ],
  "scene0010_00": [
    -0.694658,
    0.71934,
    0.0,
    0.24176,
    -0.71934,
    -0.694658,
    0.0,
    3.9996,
    0.0,
    0.0,
    1.0,
    -0.088575,
    0.0,
    0.0,
    0.0,
    1.0
  ],
  "scene0010_01": [
    -0.190809,
    0.981627,
    0.0,
    -2.71972,
    -0.981627,
    -0.190809,
    0.0,
    3.40518,
    0.0,
    0.0,
    1.0,
    -0.109657,
    0.0,
    0.0,
    0.0,
    1.0
  ],
  "scene0011_00": [
    -0.996195,
    0.087156,
    0.0,
    3.88128,
    -0.087156,
    -0.996195,
    0.0,
    4.11908,
    0.0,
    0.0,
    1.0,
    -0.071016,
    0.0,
    0.0,
    0.0,
    1.0
  ],
  "scene0011_01": [
    0.62932,
    0.777146,
    0.0,
    -6.6701,
    -0.777146,
    0.62932,
    0.0,
    0.462001,
    0.0,
    0.0,
    1.0,
    -0.109085,
    0.0,
    0.0,
    0.0,
    1.0
  ],
  "scene0012_00": [
    0.608761,
    0.793353,
    0.0,
    -3.72893,
    -0.793353,
    0.608761,
    0.0,
    0.798026,
    0.0,
    0.0,
    1.0,
    -0.053905,
    0.0,
    0.0,
    0.0,
    1.0
  ],
  "scene0012_01": [
    0.284015,
    0.95882,
    0.0,
    -2.83136,
    -0.95882,
    0.284015,
    0.0,
    1.5444,
    0.0,
    0.0,
    1.0,
    -0.035698,
    0.0,
    0.0,
    0.0,
    1.0
  ],
  "scene0012_02": [
    -0.96363,
    0.267238,
    0.0,
    1.32651,
    -0.267238,
    -0.96363,
    0.0,
    2.86353,
    0.0,
    0.0,
    1.0,
    -0.070221,
    0.0,
    0.0,
    0.0,
    1.0
  ],
  "scene0013_00": [
    0.642788,
    0.766044,
    0.0,
    -5.8017,
    -0.766044,
    0.642788,
    0.0,
    0.312089,
    0.0,
    0.0,
    1.0,
    -0.046306,
    0.0,
    0.0,
    0.0,
    1.0
  ],
  "scene0013_01": [
    0.920505,
    0.390731,
    0.0,
    -3.86873,
    -0.390731,
    0.920505,
    0.0,
    -0.628762,
    0.0,
    0.0,
    1.0,
    -0.039355,
    0.0,
    0.0,
    0.0,
    1.0
  ],
  "scene0013_02": [
    -0.996195,
    0.087156,
    0.0,
    3.85919,
    -0.087156,
    -0.996195,
    0.0,
    3.70133,
    0.0,
    0.0,
    1.0,
    -0.040361,
    0.0,
    0.0,
    0.0,
    1.0
  ],
  "scene0014_00": [
    -0.99863,
    0.052336,
    0.0,
    1.40606,
    -0.052336,
    -0.99863,
    0.0,
    1.34974,
    0.0,
    0.0,
    1.0,
    -0.083647,
    0.0,
    0.0,
    0.0,
    1.0
  ],
  "scene0015_00": [
    0.857167,
    0.515038,
    0.0,
    -5.43398,
    -0.515038,
    0.857167,
    0.0,
    -2.12834,
    0.0,
    0.0,
    1.0,
    -0.097699,
    0.0,
    0.0,
    0.0,
    1.0
  ],
  "scene0016_00": [
    0.017452,
    0.999848,
    0.0,
    -4.4641,
    -0.999848,
    0.017452,
    0.0,
    4.32467,
    0.0,
    0.0,
    1.0,
    -0.082149,
    0.0,
    0.0,
    0.0,
    1.0
  ],
  "scene0016_01": [
    0.034899,
    0.999391,
    0.0,
    -4.37579,
    -0.999391,
    0.034899,
    0.0,
    4.32975,
    0.0,
    0.0,
    1.0,
    -0.058195,
    0.0,
    0.0,
    0.0,
    1.0
  ],
  "scene0016_02": [
    -0.788011,
    0.615661,
    0.0,
    0.414391,
    -0.615661,
    -0.788011,
    0.0,
    5.39669,
    0.0,
    0.0,
    1.0,
    -0.069013,
    0.0,
    0.0,
    0.0,
    1.0
  ],
  "scene0017_00": [
    0.507538,
    0.861629,
    0.0,
    -4.30515,
    -0.861629,
    0.507538,
    0.0,
    2.05783,
    0.0,
    0.0,
    1.0,
    -0.055048,
    0.0,
    0.0,
    0.0,
    1.0
  ],
  "scene0017_01": [
    -0.398749,
    0.91706,
    0.0,
    -0.656755,
    -0.91706,
    -0.398749,
    0.0,
    3.18725,
    0.0,
    0.0,
    1.0,
    -0.061985,
    0.0,
    0.0,
    0.0,
    1.0
  ],
  "scene0017_02": [
    0.580703,
    0.814116,
    0.0,
    -3.87933,
    -0.814116,
    0.580703,
    0.0,
    0.604396,
    0.0,
    0.0,
    1.0,
    -0.093907,
    0.0,
    0.0,
    0.0,
    1.0
  ],
  "scene0018_00": [
    0.130526,
    0.991445,
    0.0,
    -1.98982,
    -0.991445,
    0.130526,
    0.0,
    2.00004,
    0.0,
    0.0,
    1.0,
    -0.044625,
    0.0,
    0.0,
    0.0,
    1.0
  ],
  "scene0019_00": [
    -0.358368,
    0.93358,
    0.0,
    -1.77047,
    -0.93358,
    -0.358368,
    0.0,
    6.5075,
    0.0,
    0.0,
    1.0,
    -0.072333,
    0.0,
    0.0,
    0.0,
    1.0
  ],
  "scene0019_01": [
    0.113203,
    0.993572,
    0.0,
    -2.84335,
    -0.993572,
    0.113203,
    0.0,
    3.90632,
    0.0,
    0.0,
    1.0,
    -0.1414,
    0.0,
    0.0,
    0.0,
    1.0
  ],
  "scene0020_00": [
    -0.446198,
    0.894934,
    0.0,
    -0.535249,
    -0.894934,
    -0.446198,
    0.0,
    3.89464,
    0.0,
    0.0,
    1.0,
    -0.125865,
    0.0,
    0.0,
    0.0,
    1.0
  ],
  "scene0020_01": [
    -0.477159,
    0.878817,
    0.0,
    -0.534648,
    -0.878817,
    -0.477159,
    0.0,
    3.63128,
    0.0,
    0.0,
    1.0,
    -0.085791,
    0.0,
    0.0,
    0.0,
    1.0
  ],
  "scene0021_00": [
    0.843391,
    0.5373,
    0.0,
    -5.43819,
    -0.5373,
    0.843391,
    0.0,
    -1.38429,
    0.0,
    0.0,
    1.0,
    -0.046683,
    0.0,
    0.0,
    0.0,
    1.0
  ],
  "scene0022_00": [
    0.241922,
    0.970296,
    0.0,
    -4.58691,
    -0.970296,
    0.241922,
    0.0,
    4.66323,
    0.0,
    0.0,
    1.0,
    -0.18811,
    0.0,
    0.0,
    0.0,
    1.0
  ],
  "scene0022_01": [
    -0.069757,
    0.997564,
    0.0,
    -2.04842,
    -0.997564,
    -0.069757,
    0.0,
    6.26363,
    0.0,
    0.0,
    1.0,
    -0.132091,
    0.0,
    0.0,
    0.0,
    1.0
  ],
  "scene0023_00": [
    0.594823,
    0.803857,
    0.0,
    -6.07569,
    -0.803857,
    0.594823,
    0.0,
    -0.777724,
    0.0,
    0.0,
    1.0,
    -0.101227,
    0.0,
    0.0,
    0.0,
    1.0
  ],
  "scene0024_00": [
    -0.573576,
    0.819152,
    0.0,
    -1.03497,
    -0.819152,
    -0.573576,
    0.0,
    4.74518,
    0.0,
    0.0,
    1.0,
    -0.035646,
    0.0,
    0.0,
    0.0,
    1.0
  ],
  "scene0024_01": [
    -0.999848,
    0.017453,
    0.0,
    5.01727,
    -0.017453,
    -0.999848,
    0.0,
    2.97947,
    0.0,
    0.0,
    1.0,
    -0.071109,
    0.0,
    0.0,
    0.0,
    1.0
  ],
  "scene0024_02": [
    -0.814116,
    0.580703,
    0.0,
    1.07341,
    -0.580703,
    -0.814116,
    0.0,
    5.27823,
    0.0,
    0.0,
    1.0,
    -0.063563,
    0.0,
    0.0,
    0.0,
    1.0
  ],
  "scene0025_00": [
    0.707107,
    0.707107,
    0.0,
    -4.05043,
    -0.707107,
    0.707107,
    0.0,
    -0.052607,
    0.0,
    0.0,
    1.0,
    -0.049991,
    0.0,
    0.0,
    0.0,
    1.0
  ],
  "scene0025_01": [
    0.173648,
    0.984808,
    0.0,
    -2.76211,
    -0.984808,
    0.173648,
    0.0,
    3.89975,
    0.0,
    0.0,
    1.0,
    -0.109843,
    0.0,
    0.0,
    0.0,
    1.0
  ],
  "scene0025_02": [
    0.267238,
    0.96363,
    0.0,
    -2.94491,
    -0.96363,
    0.267238,
    0.0,
    2.21047,
    0.0,
    0.0,
    1.0,
    -0.143068,
    0.0,
    0.0,
    0.0,
    1.0
  ],
  "scene0026_00": [
    -0.300706,
    0.953717,
    0.0,
    -1.53061,
    -0.953717,
    -0.300706,
    0.0,
    2.69337,
    0.0,
    0.0,
    1.0,
    -0.098437,
    0.0,
    0.0,
    0.0,
    1.0
  ],
  "scene0027_00": [
    0.233445,
    0.97237,
    0.0,
    -3.02816,
    -0.97237,
    0.233445,
    0.0,
    2.84719,
    0.0,
    0.0,
    1.0,
    -0.106203,
    0.0,
    0.0,
    0.0,
    1.0
  ],
  "scene0027_01": [
    0.366501,
    0.930418,
    0.0,
    -3.87355,
    -0.930418,
    0.366501,
    0.0,
    1.78887,
    0.0,
    0.0,
    1.0,
    -0.099625,
    0.0,
    0.0,
    0.0,
    1.0
  ],
  "scene0027_02": [
    -0.642788,
    0.766044,
    0.0,
    0.045767,
    -0.766044,
    -0.642788,
    0.0,
    5.02573,
    0.0,
    0.0,
    1.0,
    -0.056236,
    0.0,
    0.0,
    0.0,
    1.0
  ],
  "scene0028_00": [
    -0.861629,
    0.507538,
    0.0,
    1.19546,
    -0.507538,
    -0.861629,
    0.0,
    5.48218,
    0.0,
    0.0,
    1.0,
    -0.064969,
    0.0,
    0.0,
    0.0,
    1.0
  ],
  "scene0029_00": [
    -0.0,
    1.0,
    0.0,
    -0.874899,
    -1.0,
    -0.0,
    0.0,
    0.987658,
    0.0,
    0.0,
    1.0,
    -0.028911,
    0.0,
    0.0,
    0.0,
    1.0
  ],
  "scene0029_01": [
    -0.999048,
    0.043619,
    0.0,
    0.973151,
    -0.043619,
    -0.999048,
    0.0,
    0.930997,
    0.0,
    0.0,
    1.0,
    -0.025496,
    0.0,
    0.0,
    0.0,
    1.0
  ],
  "scene0029_02": [
    0.008727,
    0.999962,
    0.0,
    -0.88287,
    -0.999962,
    0.008727,
    0.0,
    1.06956,
    0.0,
    0.0,
    1.0,
    -0.023973,
    0.0,
    0.0,
    0.0,
    1.0
  ],
  "scene0030_00": [
    0.182236,
    0.983255,
    0.0,
    -3.48709,
    -0.983255,
    0.182236,
    0.0,
    2.83609,
    0.0,
    0.0,
    1.0,
    -0.046845,
    0.0,
    0.0,
    0.0,
    1.0
  ],
  "scene0030_01": [
    0.688355,
    0.725374,
    0.0,
    -5.20546,
    -0.725374,
    0.688355,
    0.0,
    0.42691,
    0.0,
    0.0,
    1.0,
    -0.04624,
    0.0,
    0.0,
    0.0,
    1.0
  ],
  "scene0030_02": [
    0.642788,
    0.766044,
    0.0,
    -5.27011,
    -0.766044,
    0.642788,
    0.0,
    0.485111,
    0.0,
    0.0,
    1.0,
    -0.045512,
    0.0,
    0.0,
    0.0,
    1.0
  ],
  "scene0031_00": [
    -0.078459,
    0.996917,
    0.0,
    -3.66279,
    -0.996917,
    -0.078459,
    0.0,
    4.53027,
    0.0,
    0.0,
    1.0,
    -0.08462,
    0.0,
    0.0,
    0.0,
    1.0
  ],
  "scene0031_01": [
    0.034899,
    0.999391,
    0.0,
    -4.25131,
    -0.999391,
    0.034899,
    0.0,
    3.77507,
    0.0,
    0.0,
    1.0,
    -0.095474,
    0.0,
    0.0,
    0.0,
    1.0
  ],
  "scene0031_02": [
    -0.087156,
    0.996195,
    0.0,
    -2.18877,
    -0.996195,
    -0.087156,
    0.0,
    4.8058,
    0.0,
    0.0,
    1.0,
    -0.097452,
    0.0,
    0.0,
    0.0,
    1.0
  ],
  "scene0032_00": [
    0.121869,
    0.992546,
    0.0,
    -1.8749,
    -0.992546,
    0.121869,
    0.0,
    1.23172,
    0.0,
    0.0,
    1.0,
    -0.03398,
    0.0,
    0.0,
    0.0,
    1.0
  ],
  "scene0032_01": [
    -0.951056,
    0.309017,
    0.0,
    1.56168,
    -0.309017,
    -0.951056,
    0.0,
    2.41841,
    0.0,
    0.0,
    1.0,
    -0.033528,
    0.0,
    0.0,
    0.0,
    1.0
  ],
  "scene0033_00": [
    -0.984808,
    0.173648,
    0.0,
    2.81681,
    -0.173648,
    -0.984808,
    0.0,
    6.52149,
    0.0,
    0.0,
    1.0,
    -0.138838,
    0.0,
    0.0,
    0.0,
    1.0
  ],
  "scene0034_00": [
    0.48481,
    0.87462,
    0.0,
    -3.57717,
    -0.87462,
    0.48481,
    0.0,
    2.69182,
    0.0,
    0.0,
    1.0,
    -0.093275,
    0.0,
    0.0,
    0.0,
    1.0
  ],
  "scene0034_01": [
    0.422618,
    0.906308,
    0.0,
    -3.90236,
    -0.906308,
    0.422618,
    0.0,
    0.441602,
    0.0,
    0.0,
    1.0,
    -0.088042,
    0.0,
    0.0,
    0.0,
    1.0
  ],
  "scene0034_02": [
    -0.078459,
    0.996917,
    0.0,
    -1.68935,
    -0.996917,
    -0.078459,
    0.0,
    2.23857,
    0.0,
    0.0,
    1.0,
    -0.102415,
    0.0,
    0.0,
    0.0,
    1.0
  ],
  "scene0035_00": [
    0.333807,
    0.942641,
    0.0,
    -2.85347,
    -0.942641,
    0.333807,
    0.0,
    1.34342,
    0.0,
    0.0,
    1.0,
    -0.045685,
    0.0,
    0.0,
    0.0,
    1.0
  ],
  "scene0035_01": [
    0.182236,
    0.983255,
    0.0,
    -2.32176,
    -0.983255,
    0.182236,
    0.0,
    1.37131,
    0.0,
    0.0,
    1.0,
    -0.028791,
    0.0,
    0.0,
    0.0,
    1.0
  ],
  "scene0036_00": [
    0.766044,
    0.642788,
    0.0,
    -5.61602,
    -0.642788,
    0.766044,
    0.0,
    0.273173,
    0.0,
    0.0,
    1.0,
    -0.021682,
    0.0,
    0.0,
    0.0,
    1.0
  ],
  "scene0036_01": [
    -0.777146,
    0.629321,
    0.0,
    0.802055,
    -0.629321,
    -0.777146,
    0.0,
    3.99625,
    0.0,
    0.0,
    1.0,
    -0.080967,
    0.0,
    0.0,
    0.0,
    1.0
  ],
  "scene0037_00": [
    -0.580703,
    0.814116,
    0.0,
    -1.95843,
    -0.814116,
    -0.580703,
    0.0,
    6.02482,
    0.0,
    0.0,
    1.0,
    -0.132667,
    0.0,
    0.0,
    0.0,
    1.0
  ],
  "scene0038_00": [
    -0.999962,
    0.008727,
    0.0,
    4.48509,
    -0.008727,
    -0.999962,
    0.0,
    6.07833,
    0.0,
    0.0,
    1.0,
    -0.043537,
    0.0,
    0.0,
    0.0,
    1.0
  ],
  "scene0038_01": [
    -0.798635,
    0.601815,
    0.0,
    1.24888,
    -0.601815,
    -0.798635,
    0.0,
    7.18845,
    0.0,
    0.0,
    1.0,
    -0.044891,
    0.0,
    0.0,
    0.0,
    1.0
  ],
  "scene0038_02": [
    -0.601815,
    0.798635,
    0.0,
    0.542472,
    -0.798635,
    -0.601815,
    0.0,
    7.44977,
    0.0,
    0.0,
    1.0,
    -0.050995,
    0.0,
    0.0,
    0.0,
    1.0
  ],
  "scene0039_00": [
    -0.743145,
    0.669131,
    0.0,
    0.320075,
    -0.669131,
    -0.743145,
    0.0,
    3.27781,
    0.0,
    0.0,
    1.0,
    -0.036228,
    0.0,
    0.0,
    0.0,
    1.0
  ],
  "scene0039_01": [
    -0.92388,
    0.382683,
    0.0,
    1.15606,
    -0.382683,
    -0.92388,
    0.0,
    2.93196,
    0.0,
    0.0,
    1.0,
    -0.030578,
    0.0,
    0.0,
    0.0,
    1.0
  ],
  "scene0040_00": [
    0.258819,
    0.965926,
    0.0,
    -3.90806,
    -0.965926,
    0.258819,
    0.0,
    2.22862,
    0.0,
    0.0,
    1.0,
    -0.078392,
    0.0,
    0.0,
    0.0,
    1.0
  ],
  "scene0040_01": [
    -0.870356,
    0.492424,
    0.0,
    1.01776,
    -0.492424,
    -0.870356,
    0.0,
    4.43352,
    0.0,
    0.0,
    1.0,
    -0.155821,
    0.0,
    0.0,
    0.0,
    1.0
  ],
  "scene0041_00": [
    -0.414693,
    0.909961,
    0.0,
    -2.56408,
    -0.909961,
    -0.414693,
    0.0,
    5.77645,
    0.0,
    0.0,
    1.0,
    -0.07454,
    0.0,
    0.0,
    0.0,
    1.0
  ],
  "scene0041_01": [
    -0.199368,
    0.979925,
    0.0,
    -3.15848,
    -0.979925,
    -0.199368,
    0.0,
    4.12429,
    0.0,
    0.0,
    1.0,
    -0.097119,
    0.0,
    0.0,
    0.0,
    1.0
  ],
  "scene0042_00": [
    -0.052336,
    0.99863,
    0.0,
    -1.74907,
    -0.99863,
    -0.052336,
    0.0,
    4.35082,
    0.0,
    0.0,
    1.0,
    -0.074574,
    0.0,
    0.0,
    0.0,
    1.0
  ],
  "scene0042_01": [
    0.008727,
    0.999962,
    0.0,
    -1.61466,
    -0.999962,
    0.008727,
    0.0,
    4.18248,
    0.0,
    0.0,
    1.0,
    -0.030228,
    0.0,
    0.0,
    0.0,
    1.0
  ],
  "scene0042_02": [
    0.095846,
    0.995396,
    0.0,
    -2.11827,
    -0.995396,
    0.095846,
    0.0,
    3.972,
    0.0,
    0.0,
    1.0,
    -0.03825,
    0.0,
    0.0,
    0.0,
    1.0
  ],
  "scene0043_00": [
    0.737277,
    0.67559,
    0.0,
    -5.60442,
    -0.67559,
    0.737277,
    0.0,
    1.25218,
    0.0,
    0.0,
    1.0,
    -0.188572,
    0.0,
    0.0,
    0.0,
    1.0
  ],
  "scene0043_01": [
    -0.382683,
    0.92388,
    0.0,
    -1.41951,
    -0.92388,
    -0.382683,
    0.0,
    4.54484,
    0.0,
    0.0,
    1.0,
    -0.046546,
    0.0,
    0.0,
    0.0,
    1.0
  ],
  "scene0044_00": [
    0.104528,
    0.994522,
    0.0,
    -1.88401,
    -0.994522,
    0.104528,
    0.0,
    2.92361,
    0.0,
    0.0,
    1.0,
    -1.27203,
    0.0,
    0.0,
    0.0,
    1.0
  ],
  "scene0044_01": [
    -0.017452,
    0.999848,
    0.0,
    -1.32652,
    -0.999848,
    -0.017452,
    0.0,
    2.94998,
    0.0,
    0.0,
    1.0,
    -0.778638,
    0.0,
    0.0,
    0.0,
    1.0
  ],
  "scene0044_02": [
    0.026177,
    0.999657,
    0.0,
    -1.37925,
    -0.999657,
    0.026177,
    0.0,
    2.86343,
    0.0,
    0.0,
    1.0,
    -0.845694,
    0.0,
    0.0,
    0.0,
    1.0
  ],
  "scene0045_00": [
    -0.113203,
    0.993572,
    0.0,
    -3.51035,
    -0.993572,
    -0.113203,
    0.0,
    4.80789,
    0.0,
    0.0,
    1.0,
    -0.049142,
    0.0,
    0.0,
    0.0,
    1.0
  ],
  "scene0045_01": [
    -0.999657,
    0.026177,
    0.0,
    4.09741,
    -0.026177,
    -0.999657,
    0.0,
    4.74219,
    0.0,
    0.0,
    1.0,
    -0.101646,
    0.0,
    0.0,
    0.0,
    1.0
  ],
  "scene0046_00": [
    -0.406737,
    0.913545,
    0.0,
    -0.9444,
    -0.913545,
    -0.406737,
    0.0,
    3.88165,
    0.0,
    0.0,
    1.0,
    -0.072924,
    0.0,
    0.0,
    0.0,
    1.0
  ],
  "scene0046_01": [
    -0.165048,
    0.986286,
    0.0,
    -1.31958,
    -0.986286,
    -0.165048,
    0.0,
    3.1079,
    0.0,
    0.0,
    1.0,
    -0.08168,
    0.0,
    0.0,
    0.0,
    1.0
  ],
  "scene0046_02": [
    -0.71325,
    0.700909,
    0.0,
    -0.066107,
    -0.700909,
    -0.71325,
    0.0,
    4.16496,
    0.0,
    0.0,
    1.0,
    -0.083053,
    0.0,
    0.0,
    0.0,
    1.0
  ],
  "scene0047_00": [
    0.052336,
    0.99863,
    0.0,
    -2.7623,
    -0.99863,
    0.052336,
    0.0,
    3.95611,
    0.0,
    0.0,
    1.0,
    -0.042103,
    0.0,
    0.0,
    0.0,
    1.0
  ],
  "scene0048_00": [
    0.997564,
    0.069757,
    0.0,
    -2.4103,
    -0.069757,
    0.997564,
    0.0,
    -3.23033,
    0.0,
    0.0,
    1.0,
    -0.021884,
    0.0,
    0.0,
    0.0,
    1.0
  ],
  "scene0048_01": [
    -0.987688,
    0.156434,
    0.0,
    1.84724,
    -0.156434,
    -0.987688,
    0.0,
    4.72119,
    0.0,
    0.0,
    1.0,
    -0.090264,
    0.0,
    0.0,
    0.0,
    1.0
  ],
  "scene0049_00": [
    -0.130526,
    0.991445,
    0.0,
    -1.62033,
    -0.991445,
    -0.130526,
    0.0,
    3.68528,
    0.0,
    0.0,
    1.0,
    -0.068119,
    0.0,
    0.0,
    0.0,
    1.0
  ],
  "scene0050_00": [
    0.069757,
    0.997564,
    0.0,
    -2.71536,
    -0.997564,
    0.069757,
    0.0,
    3.71767,
    0.0,
    0.0,
    1.0,
    -0.084889,
    0.0,
    0.0,
    0.0,
    1.0
  ],
  "scene0050_01": [
    -0.061049,
    0.998135,
    0.0,
    -2.161,
    -0.998135,
    -0.061049,
    0.0,
    2.14481,
    0.0,
    0.0,
    1.0,
    -0.153264,
    0.0,
    0.0,
    0.0,
    1.0
  ],
  "scene0050_02": [
    0.104528,
    0.994522,
    0.0,
    -2.54242,
    -0.994522,
    0.104528,
    0.0,
    3.96531,
    0.0,
    0.0,
    1.0,
    -0.15307,
    0.0,
    0.0,
    0.0,
    1.0
  ],
  "scene0051_00": [
    -0.953717,
    0.300706,
    0.0,
    1.22832,
    -0.300706,
    -0.953717,
    0.0,
    5.2393,
    0.0,
    0.0,
    1.0,
    -0.118472,
    0.0,
    0.0,
    0.0,
    1.0
  ],
  "scene0051_01": [
    -0.130526,
    0.991445,
    0.0,
    -3.11738,
    -0.991445,
    -0.130526,
    0.0,
    3.18591,
    0.0,
    0.0,
    1.0,
    -0.222521,
    0.0,
    0.0,
    0.0,
    1.0
  ],
  "scene0051_02": [
    -0.987688,
    0.156434,
    0.0,
    2.2363,
    -0.156434,
    -0.987688,
    0.0,
    2.99901,
    0.0,
    0.0,
    1.0,
    -0.171765,
    0.0,
    0.0,
    0.0,
    1.0
  ],
  "scene0051_03": [
    0.267238,
    0.96363,
    0.0,
    -5.03472,
    -0.96363,
    0.267238,
    0.0,
    1.25873,
    0.0,
    0.0,
    1.0,
    -0.137077,
    0.0,
    0.0,
    0.0,
    1.0
  ],
  "scene0052_00": [
    -0.406737,
    0.913545,
    0.0,
    -1.35393,
    -0.913545,
    -0.406737,
    0.0,
    3.53148,
    0.0,
    0.0,
    1.0,
    -0.078648,
    0.0,
    0.0,
    0.0,
    1.0
  ],
  "scene0052_01": [
    0.25038,
    0.968148,
    0.0,
    -3.32218,
    -0.968148,
    0.25038,
    0.0,
    3.43055,
    0.0,
    0.0,
    1.0,
    -0.075673,
    0.0,
    0.0,
    0.0,
    1.0
  ],
  "scene0052_02": [
    -0.026177,
    0.999657,
    0.0,
    -3.0945,
    -0.999657,
    -0.026177,
    0.0,
    3.25053,
    0.0,
    0.0,
    1.0,
    -0.101159,
    0.0,
    0.0,
    0.0,
    1.0
  ],
  "scene0053_00": [
    0.043619,
    0.999048,
    0.0,
    -2.32041,
    -0.999048,
    0.043619,
    0.0,
    1.88463,
    0.0,
    0.0,
    1.0,
    -0.074808,
    0.0,
    0.0,
    0.0,
    1.0
  ],
  "scene0054_00": [
    0.66262,
    0.748956,
    0.0,
    -6.6846,
    -0.748956,
    0.66262,
    0.0,
    0.447543,
    0.0,
    0.0,
    1.0,
    -0.302899,
    0.0,
    0.0,
    0.0,
    1.0
  ],
  "scene0055_00": [
    -0.087156,
    0.996195,
    0.0,
    -1.4282,
    -0.996195,
    -0.087156,
    0.0,
    1.92033,
    0.0,
    0.0,
    1.0,
    -0.067649,
    0.0,
    0.0,
    0.0,
    1.0
  ],
  "scene0055_01": [
    -0.087156,
    0.996195,
    0.0,
    -1.43876,
    -0.996195,
    -0.087156,
    0.0,
    1.97034,
    0.0,
    0.0,
    1.0,
    -0.038045,
    0.0,
    0.0,
    0.0,
    1.0
  ],
  "scene0055_02": [
    -0.087156,
    0.996195,
    0.0,
    -1.41561,
    -0.996195,
    -0.087156,
    0.0,
    1.95024,
    0.0,
    0.0,
    1.0,
    -0.056736,
    0.0,
    0.0,
    0.0,
    1.0
  ],
  "scene0056_00": [
    0.233445,
    0.97237,
    0.0,
    -4.30015,
    -0.97237,
    0.233445,
    0.0,
    2.80161,
    0.0,
    0.0,
    1.0,
    -0.121913,
    0.0,
    0.0,
    0.0,
    1.0
  ],
  "scene0056_01": [
    -0.981627,
    0.190809,
    0.0,
    2.23394,
    -0.190809,
    -0.981627,
    0.0,
    4.92578,
    0.0,
    0.0,
    1.0,
    -0.056888,
    0.0,
    0.0,
    0.0,
    1.0
  ],
  "scene0057_00": [
    0.121869,
    0.992546,
    0.0,
    -2.92948,
    -0.992546,
    0.121869,
    0.0,
    3.42151,
    0.0,
    0.0,
    1.0,
    -0.07956,
    0.0,
    0.0,
    0.0,
    1.0
  ],
  "scene0057_01": [
    -0.725374,
    0.688354,
    0.0,
    0.290207,
    -0.688354,
    -0.725374,
    0.0,
    4.83777,
    0.0,
    0.0,
    1.0,
    -0.06954,
    0.0,
    0.0,
    0.0,
    1.0
  ],
  "scene0058_00": [
    -0.382683,
    0.92388,
    0.0,
    -1.43617,
    -0.92388,
    -0.382683,
    0.0,
    3.69894,
    0.0,
    0.0,
    1.0,
    -0.048434,
    0.0,
    0.0,
    0.0,
    1.0
  ],
  "scene0058_01": [
    0.087156,
    0.996195,
    0.0,
    -2.50753,
    -0.996195,
    0.087156,
    0.0,
    3.15065,
    0.0,
    0.0,
    1.0,
    -0.076828,
    0.0,
    0.0,
    0.0,
    1.0
  ],
  "scene0059_00": [
    0.936672,
    0.350207,
    0.0,
    -4.78862,
    -0.350207,
    0.936672,
    0.0,
    -2.58875,
    0.0,
    0.0,
    1.0,
    -0.048405,
    0.0,
    0.0,
    0.0,
    1.0
  ],
  "scene0059_01": [
    -0.008727,
    0.999962,
    0.0,
    -2.30333,
    -0.999962,
    -0.008727,
    0.0,
    3.18181,
    0.0,
    0.0,
    1.0,
    -0.081017,
    0.0,
    0.0,
    0.0,
    1.0
  ],
  "scene0059_02": [
    -0.902585,
    0.430511,
    0.0,
    0.983921,
    -0.430511,
    -0.902585,
    0.0,
    4.92167,
    0.0,
    0.0,
    1.0,
    -0.082146,
    0.0,
    0.0,
    0.0,
    1.0
  ],
  "scene0060_00": [
    -0.139173,
    0.990268,
    0.0,
    -1.43492,
    -0.990268,
    -0.139173,
    0.0,
    5.26964,
    0.0,
    0.0,
    1.0,
    -0.112771,
    0.0,
    0.0,
    0.0,
    1.0
  ],
  "scene0060_01": [
    0.026177,
    0.999657,
    0.0,
    -3.70589,
    -0.999657,
    0.026177,
    0.0,
    5.30222,
    0.0,
    0.0,
    1.0,
    -0.030533,
    0.0,
    0.0,
    0.0,
    1.0
  ],
  "scene0061_00": [
    0.087156,
    0.996195,
    0.0,
    -3.94864,
    -0.996195,
    0.087156,
    0.0,
    4.71681,
    0.0,
    0.0,
    1.0,
    -0.082685,
    0.0,
    0.0,
    0.0,
    1.0
  ],
  "scene0061_01": [
    -0.026177,
    0.999657,
    0.0,
    -2.14348,
    -0.999657,
    -0.026177,
    0.0,
    2.70507,
    0.0,
    0.0,
    1.0,
    -0.071428,
    0.0,
    0.0,
    0.0,
    1.0
  ],
  "scene0062_00": [
    0.317305,
    0.948324,
    0.0,
    -2.25227,
    -0.948324,
    0.317305,
    0.0,
    1.88226,
    0.0,
    0.0,
    1.0,
    -0.026918,
    0.0,
    0.0,
    0.0,
    1.0
  ],
  "scene0062_01": [
    -0.199368,
    0.979925,
    0.0,
    -0.642091,
    -0.979925,
    -0.199368,
    0.0,
    3.65371,
    0.0,
    0.0,
    1.0,
    -0.029094,
    0.0,
    0.0,
    0.0,
    1.0
  ],
  "scene0062_02": [
    -0.707107,
    0.707107,
    0.0,
    0.685667,
    -0.707107,
    -0.707107,
    0.0,
    3.05333,
    0.0,
    0.0,
    1.0,
    -0.032658,
    0.0,
    0.0,
    0.0,
    1.0
  ],
  "scene0063_00": [
    0.887011,
    0.461749,
    0.0,
    -6.05128,
    -0.461749,
    0.887011,
    0.0,
    -1.53409,
    0.0,
    0.0,
    1.0,
    -0.11359,
    0.0,
    0.0,
    0.0,
    1.0
  ],
  "scene0064_00": [
    0.999391,
    0.034899,
    0.0,
    -3.78343,
    -0.034899,
    0.999391,
    0.0,
    -6.15542,
    0.0,
    0.0,
    1.0,
    -0.152881,
    0.0,
    0.0,
    0.0,
    1.0
  ],
  "scene0064_01": [
    -0.989016,
    0.147809,
    0.0,
    2.33839,
    -0.147809,
    -0.989016,
    0.0,
    4.09956,
    0.0,
    0.0,
    1.0,
    -0.124535,
    0.0,
    0.0,
    0.0,
    1.0
  ],
  "scene0065_00": [
    -0.580703,
    0.814116,
    0.0,
    -1.24761,
    -0.814116,
    -0.580703,
    0.0,
    3.12044,
    0.0,
    0.0,
    1.0,
    -0.037417,
    0.0,
    0.0,
    0.0,
    1.0
  ],
  "scene0065_01": [
    0.936672,
    0.350207,
    0.0,
    -2.43242,
    -0.350207,
    0.936672,
    0.0,
    -1.13065,
    0.0,
    0.0,
    1.0,
    -0.053514,
    0.0,
    0.0,
    0.0,
    1.0
  ],
  "scene0065_02": [
    0.829038,
    0.559193,
    0.0,
    -2.75642,
    -0.559193,
    0.829038,
    0.0,
    -0.574604,
    0.0,
    0.0,
    1.0,
    -0.051784,
    0.0,
    0.0,
    0.0,
    1.0
  ],
  "scene0066_00": [
    -0.927184,
    0.374606,
    0.0,
    2.82815,
    -0.374606,
    -0.927184,
    0.0,
    5.5917,
    0.0,
    0.0,
    1.0,
    -0.083158,
    0.0,
    0.0,
    0.0,
    1.0
  ],
  "scene0067_00": [
    -0.104529,
    0.994522,
    0.0,
    -0.831416,
    -0.994522,
    -0.104529,
    0.0,
    3.1264,
    0.0,
    0.0,
    1.0,
    -0.056328,
    0.0,
    0.0,
    0.0,
    1.0
  ],
  "scene0067_01": [
    -0.992546,
    0.121869,
    0.0,
    0.884242,
    -0.121869,
    -0.992546,
    0.0,
    1.42294,
    0.0,
    0.0,
    1.0,
    -0.026298,
    0.0,
    0.0,
    0.0,
    1.0
  ],
  "scene0067_02": [
    0.026177,
    0.999657,
    0.0,
    -0.952595,
    -0.999657,
    0.026177,
    0.0,
    2.9435,
    0.0,
    0.0,
    1.0,
    -0.058579,
    0.0,
    0.0,
    0.0,
    1.0
  ],
  "scene0068_00": [
    0.99863,
    0.052336,
    0.0,
    -3.40658,
    -0.052336,
    0.99863,
    0.0,
    -1.55335,
    0.0,
    0.0,
    1.0,
    -0.117037,
    0.0,
    0.0,
    0.0,
    1.0
  ],
  "scene0068_01": [
    0.997564,
    0.069757,
    0.0,
    -1.52264,
    -0.069757,
    0.997564,
    0.0,
    -1.49961,
    0.0,
    0.0,
    1.0,
    -0.066008,
    0.0,
    0.0,
    0.0,
    1.0
  ],
  "scene0069_00": [
    -0.052336,
    0.99863,
    0.0,
    -2.53816,
    -0.99863,
    -0.052336,
    0.0,
    4.58045,
    0.0,
    0.0,
    1.0,
    -1.12428,
    0.0,
    0.0,
    0.0,
    1.0
  ],
  "scene0070_00": [
    -0.130526,
    0.991445,
    0.0,
    -1.6996,
    -0.991445,
    -0.130526,
    0.0,
    2.2097,
    0.0,
    0.0,
    1.0,
    -0.067307,
    0.0,
    0.0,
    0.0,
    1.0
  ],
  "scene0071_00": [
    0.182236,
    0.983255,
    0.0,
    -3.89008,
    -0.983255,
    0.182236,
    0.0,
    1.37627,
    0.0,
    0.0,
    1.0,
    -0.124496,
    0.0,
    0.0,
    0.0,
    1.0
  ],
  "scene0072_00": [
    0.121869,
    0.992546,
    0.0,
    -1.48051,
    -0.992546,
    0.121869,
    0.0,
    2.34423,
    0.0,
    0.0,
    1.0,
    -0.082838,
    0.0,
    0.0,
    0.0,
    1.0
  ],
  "scene0072_01": [
    -0.026177,
    0.999657,
    0.0,
    -1.18168,
    -0.999657,
    -0.026177,
    0.0,
    1.7942,
    0.0,
    0.0,
    1.0,
    -0.079995,
    0.0,
    0.0,
    0.0,
    1.0
  ],
  "scene0072_02": [
    -0.284015,
    0.95882,
    0.0,
    -1.01703,
    -0.95882,
    -0.284015,
    0.0,
    2.119,
    0.0,
    0.0,
    1.0,
    -0.126875,
    0.0,
    0.0,
    0.0,
    1.0
  ],
  "scene0073_00": [
    -0.061049,
    0.998135,
    0.0,
    -1.46269,
    -0.998135,
    -0.061049,
    0.0,
    1.53242,
    0.0,
    0.0,
    1.0,
    -0.055064,
    0.0,
    0.0,
    0.0,
    1.0
  ],
  "scene0073_01": [
    0.034899,
    0.999391,
    0.0,
    -1.69115,
    -0.999391,
    0.034899,
    0.0,
    1.40642,
    0.0,
    0.0,
    1.0,
    -0.041904,
    0.0,
    0.0,
    0.0,
    1.0
  ],
  "scene0073_02": [
    -0.0,
    1.0,
    0.0,
    -1.42551,
    -1.0,
    -0.0,
    0.0,
    1.53997,
    0.0,
    0.0,
    1.0,
    -0.070876,
    0.0,
    0.0,
    0.0,
    1.0
  ],
  "scene0073_03": [
    -0.0,
    1.0,
    0.0,
    -1.36961,
    -1.0,
    -0.0,
    0.0,
    1.61455,
    0.0,
    0.0,
    1.0,
    -0.053872,
    0.0,
    0.0,
    0.0,
    1.0
  ],
  "scene0074_00": [
    -0.199368,
    0.979925,
    0.0,
    -0.449465,
    -0.979925,
    -0.199368,
    0.0,
    2.18101,
    0.0,
    0.0,
    1.0,
    -0.203169,
    0.0,
    0.0,
    0.0,
    1.0
  ],
  "scene0074_01": [
    -0.034899,
    0.999391,
    0.0,
    -0.619598,
    -0.999391,
    -0.034899,
    0.0,
    2.30675,
    0.0,
    0.0,
    1.0,
    -0.195645,
    0.0,
    0.0,
    0.0,
    1.0
  ],
  "scene0074_02": [
    0.008727,
    0.999962,
    0.0,
    -0.704564,
    -0.999962,
    0.008727,
    0.0,
    2.33488,
    0.0,
    0.0,
    1.0,
    -0.221473,
    0.0,
    0.0,
    0.0,
    1.0
  ],
  "scene0075_00": [
    -0.017452,
    0.999848,
    0.0,
    -2.40322,
    -0.999848,
    -0.017452,
    0.0,
    3.72284,
    0.0,
    0.0,
    1.0,
    -0.043656,
    0.0,
    0.0,
    0.0,
    1.0
  ],
  "scene0076_00": [
    -0.522498,
    0.85264,
    0.0,
    -1.34469,
    -0.85264,
    -0.522498,
    0.0,
    5.57816,
    0.0,
    0.0,
    1.0,
    -0.064575,
    0.0,
    0.0,
    0.0,
    1.0
  ],
  "scene0077_00": [
    0.008727,
    0.999962,
    0.0,
    -1.88353,
    -0.999962,
    0.008727,
    0.0,
    1.89696,
    0.0,
    0.0,
    1.0,
    -0.092646,
    0.0,
    0.0,
    0.0,
    1.0
  ],
  "scene0077_01": [
    -0.190809,
    0.981627,
    0.0,
    -3.85328,
    -0.981627,
    -0.190809,
    0.0,
    5.30149,
    0.0,
    0.0,
    1.0,
    -0.085364,
    0.0,
    0.0,
    0.0,
    1.0
  ],
  "scene0078_00": [
    -0.104529,
    0.994522,
    0.0,
    -2.663,
    -0.994522,
    -0.104529,
    0.0,
    3.20243,
    0.0,
    0.0,
    1.0,
    -0.044086,
    0.0,
    0.0,
    0.0,
    1.0
  ],
  "scene0078_01": [
    -0.078459,
    0.996917,
    0.0,
    -2.76369,
    -0.996917,
    -0.078459,
    0.0,
    3.18386,
    0.0,
    0.0,
    1.0,
    -0.024307,
    0.0,
    0.0,
    0.0,
    1.0
  ],
  "scene0078_02": [
    -0.113203,
    0.993572,
    0.0,
    -2.58785,
    -0.993572,
    -0.113203,
    0.0,
    2.97902,
    0.0,
    0.0,
    1.0,
    -0.023365,
    0.0,
    0.0,
    0.0,
    1.0
  ],
  "scene0079_00": [
    -0.990268,
    0.139173,
    0.0,
    2.48176,
    -0.139173,
    -0.990268,
    0.0,
    7.78043,
    0.0,
    0.0,
    1.0,
    -0.07175,
    0.0,
    0.0,
    0.0,
    1.0
  ],
  "scene0079_01": [
    0.325568,
    0.945519,
    0.0,
    -3.92664,
    -0.945519,
    0.325568,
    0.0,
    4.20239,
    0.0,
    0.0,
    1.0,
    -0.043857,
    0.0,
    0.0,
    0.0,
    1.0
  ],
  "scene0080_00": [
    -0.0,
    1.0,
    0.0,
    -0.997136,
    -1.0,
    -0.0,
    0.0,
    2.45172,
    0.0,
    0.0,
    1.0,
    -0.044227,
    0.0,
    0.0,
    0.0,
    1.0
  ],
  "scene0080_01": [
    0.104528,
    0.994522,
    0.0,
    -1.43918,
    -0.994522,
    0.104528,
    0.0,
    2.31001,
    0.0,
    0.0,
    1.0,
    -0.041348,
    0.0,
    0.0,
    0.0,
    1.0
  ],
  "scene0080_02": [
    0.061049,
    0.998135,
    0.0,
    -1.29606,
    -0.998135,
    0.061049,
    0.0,
    1.38798,
    0.0,
    0.0,
    1.0,
    -0.032576,
    0.0,
    0.0,
    0.0,
    1.0
  ],
  "scene0081_00": [
    0.894934,
    0.446198,
    0.0,
    -3.10462,
    -0.446198,
    0.894934,
    0.0,
    -2.77649,
    0.0,
    0.0,
    1.0,
    -0.07867,
    0.0,
    0.0,
    0.0,
    1.0
  ],
  "scene0081_01": [
    -0.990268,
    0.139173,
    0.0,
    3.41337,
    -0.139173,
    -0.990268,
    0.0,
    5.96633,
    0.0,
    0.0,
    1.0,
    -0.121472,
    0.0,
    0.0,
    0.0,
    1.0
  ],
  "scene0081_02": [
    -0.99863,
    0.052336,
    0.0,
    4.27139,
    -0.052336,
    -0.99863,
    0.0,
    5.94875,
    0.0,
    0.0,
    1.0,
    -0.460141,
    0.0,
    0.0,
    0.0,
    1.0
  ],
  "scene0082_00": [
    -0.998135,
    0.061049,
    0.0,
    1.91568,
    -0.061049,
    -0.998135,
    0.0,
    4.42624,
    0.0,
    0.0,
    1.0,
    -0.535742,
    0.0,
    0.0,
    0.0,
    1.0
  ],
  "scene0083_00": [
    -0.113203,
    0.993572,
    0.0,
    -1.48134,
    -0.993572,
    -0.113203,
    0.0,
    1.81551,
    0.0,
    0.0,
    1.0,
    -0.172324,
    0.0,
    0.0,
    0.0,
    1.0
  ],
  "scene0083_01": [
    -0.130526,
    0.991445,
    0.0,
    -1.55075,
    -0.991445,
    -0.130526,
    0.0,
    1.84377,
    0.0,
    0.0,
    1.0,
    -0.138105,
    0.0,
    0.0,
    0.0,
    1.0
  ],
  "scene0084_00": [
    0.026177,
    0.999657,
    0.0,
    -2.77961,
    -0.999657,
    0.026177,
    0.0,
    1.74237,
    0.0,
    0.0,
    1.0,
    -0.028384,
    0.0,
    0.0,
    0.0,
    1.0
  ],
  "scene0084_01": [
    -0.97437,
    0.224951,
    0.0,
    3.31617,
    -0.224951,
    -0.97437,
    0.0,
    3.24071,
    0.0,
    0.0,
    1.0,
    -0.021563,
    0.0,
    0.0,
    0.0,
    1.0
  ],
  "scene0084_02": [
    0.986286,
    0.165048,
    0.0,
    -3.1944,
    -0.165048,
    0.986286,
    0.0,
    -2.82327,
    0.0,
    0.0,
    1.0,
    -0.026556,
    0.0,
    0.0,
    0.0,
    1.0
  ],
  "scene0085_00": [
    0.104528,
    0.994522,
    0.0,
    -2.51219,
    -0.994522,
    0.104528,
    0.0,
    2.77614,
    0.0,
    0.0,
    1.0,
    -0.108557,
    0.0,
    0.0,
    0.0,
    1.0
  ],
  "scene0085_01": [
    -0.986286,
    0.165048,
    0.0,
    1.88511,
    -0.165048,
    -0.986286,
    0.0,
    3.55773,
    0.0,
    0.0,
    1.0,
    -0.152584,
    0.0,
    0.0,
    0.0,
    1.0
  ],
  "scene0086_00": [
    -0.829038,
    0.559193,
    0.0,
    -0.050899,
    -0.559193,
    -0.829038,
    0.0,
    5.33916,
    0.0,
    0.0,
    1.0,
    -0.039508,
    0.0,
    0.0,
    0.0,
    1.0
  ],
  "scene0086_01": [
    -0.507538,
    0.861629,
    0.0,
    -0.875172,
    -0.861629,
    -0.507538,
    0.0,
    5.08348,
    0.0,
    0.0,
    1.0,
    -0.035505,
    0.0,
    0.0,
    0.0,
    1.0
  ],
  "scene0086_02": [
    -0.580703,
    0.814116,
    0.0,
    -0.669858,
    -0.814116,
    -0.580703,
    0.0,
    5.37811,
    0.0,
    0.0,
    1.0,
    -0.0436,
    0.0,
    0.0,
    0.0,
    1.0
  ],
  "scene0087_00": [
    0.986286,
    0.165048,
    0.0,
    -2.88518,
    -0.165048,
    0.986286,
    0.0,
    -3.42594,
    0.0,
    0.0,
    1.0,
    -0.039596,
    0.0,
    0.0,
    0.0,
    1.0
  ],
  "scene0087_01": [
    -0.258819,
    0.965926,
    0.0,
    -1.96097,
    -0.965926,
    -0.258819,
    0.0,
    3.17832,
    0.0,
    0.0,
    1.0,
    -0.105675,
    0.0,
    0.0,
    0.0,
    1.0
  ],
  "scene0087_02": [
    -0.043619,
    0.999048,
    0.0,
    -2.29632,
    -0.999048,
    -0.043619,
    0.0,
    2.30799,
    0.0,
    0.0,
    1.0,
    -0.073834,
    0.0,
    0.0,
    0.0,
    1.0
  ],
  "scene0088_00": [
    0.477159,
    0.878817,
    0.0,
    -4.8832,
    -0.878817,
    0.477159,
    0.0,
    1.51725,
    0.0,
    0.0,
    1.0,
    -0.030037,
    0.0,
    0.0,
    0.0,
    1.0
  ],
  "scene0088_01": [
    0.398749,
    0.91706,
    0.0,
    -3.41454,
    -0.91706,
    0.398749,
    0.0,
    1.77059,
    0.0,
    0.0,
    1.0,
    -0.062874,
    0.0,
    0.0,
    0.0,
    1.0
  ],
  "scene0088_02": [
    -0.300706,
    0.953717,
    0.0,
    -2.55856,
    -0.953717,
    -0.300706,
    0.0,
    5.83871,
    0.0,
    0.0,
    1.0,
    -0.095503,
    0.0,
    0.0,
    0.0,
    1.0
  ],
  "scene0088_03": [
    -0.782608,
    0.622515,
    0.0,
    0.118658,
    -0.622515,
    -0.782608,
    0.0,
    5.53645,
    0.0,
    0.0,
    1.0,
    -0.079202,
    0.0,
    0.0,
    0.0,
    1.0
  ],
  "scene0089_00": [
    0.034899,
    0.999391,
    0.0,
    -1.92383,
    -0.999391,
    0.034899,
    0.0,
    1.91889,
    0.0,
    0.0,
    1.0,
    -0.020687,
    0.0,
    0.0,
    0.0,
    1.0
  ],
  "scene0089_01": [
    0.078459,
    0.996917,
    0.0,
    -1.9655,
    -0.996917,
    0.078459,
    0.0,
    2.04716,
    0.0,
    0.0,
    1.0,
    -0.032612,
    0.0,
    0.0,
